0	0.999	0.001	8.67362e-19	1
0.01	0.998997	0.0010027	7.96361e-07	1
0.02	0.998993	0.00100541	1.59487e-06	1
0.03	0.998989	0.00100812	2.39554e-06	1
0.04	0.998986	0.00101084	3.19837e-06	1
0.05	0.998982	0.00101357	4.00337e-06	1
0.06	0.998979	0.00101631	4.81054e-06	1
0.07	0.998975	0.00101905	5.61989e-06	1
0.08	0.998972	0.00102181	6.43142e-06	1
0.09	0.998968	0.00102456	7.24515e-06	1
0.1	0.998965	0.00102733	8.06107e-06	1
0.11	0.998961	0.00103011	8.8792e-06	1
0.12	0.998957	0.00103289	9.69954e-06	1
0.13	0.998954	0.00103568	1.05221e-05	1
0.14	0.99895	0.00103847	1.13469e-05	1
0.15	0.998947	0.00104128	1.21739e-05	1
0.16	0.998943	0.00104409	1.30031e-05	1
0.17	0.998939	0.00104691	1.38346e-05	1
0.18	0.998936	0.00104973	1.46683e-05	1
0.19	0.998932	0.00105257	1.55042e-05	1
0.2	0.998928	0.00105541	1.63425e-05	1
0.21	0.998925	0.00105826	1.7183e-05	1
0.22	0.998921	0.00106111	1.80257e-05	1
0.23	0.998917	0.00106398	1.88707e-05	1
0.24	0.998913	0.00106685	1.97181e-05	1
0.25	0.99891	0.00106973	2.05677e-05	1
0.26	0.998906	0.00107262	2.14195e-05	1
0.27	0.998902	0.00107552	2.22737e-05	1
0.28	0.998898	0.00107842	2.31302e-05	1
0.29	0.998895	0.00108133	2.39891e-05	1
0.3	0.998891	0.00108425	2.48502e-05	1
0.31	0.998887	0.00108718	2.57136e-05	1
0.32	0.998883	0.00109011	2.65794e-05	1
0.33	0.998879	0.00109306	2.74476e-05	1
0.34	0.998876	0.00109601	2.8318e-05	1
0.35	0.998872	0.00109897	2.91908e-05	1
0.36	0.998868	0.00110193	3.0066e-05	1
0.37	0.998864	0.00110491	3.09436e-05	1
0.38	0.99886	0.00110789	3.18235e-05	1
0.39	0.998856	0.00111088	3.27057e-05	1
0.4	0.998853	0.00111388	3.35904e-05	1
0.41	0.998849	0.00111689	3.44775e-05	1
0.42	0.998845	0.0011199	3.53669e-05	1
0.43	0.998841	0.00112293	3.62588e-05	1
0.44	0.998837	0.00112596	3.7153e-05	1
0.45	0.998833	0.001129	3.80497e-05	1
0.46	0.998829	0.00113204	3.89488e-05	1
0.47	0.998825	0.0011351	3.98503e-05	1
0.48	0.998821	0.00113816	4.07543e-05	1
0.49	0.998817	0.00114124	4.16606e-05	1
0.5	0.998813	0.00114432	4.25695e-05	1
0.51	0.998809	0.00114741	4.34808e-05	1
0.52	0.998805	0.0011505	4.43945e-05	1
0.53	0.998801	0.00115361	4.53107e-05	1
0.54	0.998797	0.00115672	4.62294e-05	1
0.55	0.998793	0.00115985	4.71506e-05	1
0.56	0.998789	0.00116298	4.80743e-05	1
0.57	0.998785	0.00116612	4.90004e-05	1
0.58	0.998781	0.00116926	4.99291e-05	1
0.59	0.998777	0.00117242	5.08602e-05	1
0.6	0.998773	0.00117559	5.17939e-05	1
0.61	0.998769	0.00117876	5.27301e-05	1
0.62	0.998764	0.00118194	5.36688e-05	1
0.63	0.99876	0.00118513	5.46101e-05	1
0.64	0.998756	0.00118833	5.55539e-05	1
0.65	0.998752	0.00119154	5.65002e-05	1
0.66	0.998748	0.00119475	5.74491e-05	1
0.67	0.998744	0.00119798	5.84006e-05	1
0.68	0.998739	0.00120121	5.93546e-05	1
0.69	0.998735	0.00120446	6.03112e-05	1
0.7	0.998731	0.00120771	6.12704e-05	1
0.71	0.998727	0.00121097	6.22322e-05	1
0.72	0.998723	0.00121423	6.31965e-05	1
0.73	0.998718	0.00121751	6.41635e-05	1
0.74	0.998714	0.0012208	6.51331e-05	1
0.75	0.99871	0.00122409	6.61053e-05	1
0.76	0.998706	0.0012274	6.70801e-05	1
0.77	0.998701	0.00123071	6.80576e-05	1
0.78	0.998697	0.00123403	6.90377e-05	1
0.79	0.998693	0.00123736	7.00204e-05	1
0.8	0.998688	0.0012407	7.10058e-05	1
0.81	0.998684	0.00124405	7.19938e-05	1
0.82	0.99868	0.00124741	7.29846e-05	1
0.83	0.998675	0.00125078	7.3978e-05	1
0.84	0.998671	0.00125415	7.4974e-05	1
0.85	0.998666	0.00125754	7.59728e-05	1
0.86	0.998662	0.00126093	7.69742e-05	1
0.87	0.998658	0.00126433	7.79784e-05	1
0.88	0.998653	0.00126775	7.89853e-05	1
0.89	0.998649	0.00127117	7.99949e-05	1
0.9	0.998644	0.0012746	8.10072e-05	1
0.91	0.99864	0.00127804	8.20222e-05	1
0.92	0.998635	0.00128149	8.304e-05	1
0.93	0.998631	0.00128495	8.40605e-05	1
0.94	0.998627	0.00128841	8.50838e-05	1
0.95	0.998622	0.00129189	8.61099e-05	1
0.96	0.998617	0.00129538	8.71387e-05	1
0.97	0.998613	0.00129887	8.81703e-05	1
0.98	0.998608	0.00130238	8.92047e-05	1
0.99	0.998604	0.00130589	9.02418e-05	1
1	0.998599	0.00130942	9.12818e-05	1
1.01	0.998595	0.00131295	9.23246e-05	1
1.02	0.99859	0.0013165	9.33702e-05	1
1.03	0.998586	0.00132005	9.44186e-05	1
1.04	0.998581	0.00132361	9.54698e-05	1
1.05	0.998576	0.00132718	9.65239e-05	1
1.06	0.998572	0.00133076	9.75808e-05	1
1.07	0.998567	0.00133436	9.86406e-05	1
1.08	0.998562	0.00133796	9.97032e-05	1
1.09	0.998558	0.00134157	0.000100769	1
1.1	0.998553	0.00134519	0.000101837	1
1.11	0.998548	0.00134882	0.000102908	1
1.12	0.998544	0.00135246	0.000103983	1
1.13	0.998539	0.00135611	0.00010506	1
1.14	0.998534	0.00135977	0.00010614	1
1.15	0.998529	0.00136344	0.000107222	1
1.16	0.998525	0.00136711	0.000108308	1
1.17	0.99852	0.0013708	0.000109397	1
1.18	0.998515	0.0013745	0.000110489	1
1.19	0.99851	0.00137821	0.000111583	1
1.2	0.998505	0.00138193	0.000112681	1
1.21	0.998501	0.00138566	0.000113781	1
1.22	0.998496	0.0013894	0.000114885	1
1.23	0.998491	0.00139315	0.000115991	1
1.24	0.998486	0.00139691	0.000117101	1
1.25	0.998481	0.00140068	0.000118213	1
1.26	0.998476	0.00140446	0.000119329	1
1.27	0.998471	0.00140825	0.000120447	1
1.28	0.998466	0.00141205	0.000121569	1
1.29	0.998461	0.00141586	0.000122693	1
1.3	0.998457	0.00141968	0.000123821	1
1.31	0.998452	0.00142351	0.000124951	1
1.32	0.998447	0.00142735	0.000126085	1
1.33	0.998442	0.0014312	0.000127221	1
1.34	0.998437	0.00143506	0.000128361	1
1.35	0.998432	0.00143893	0.000129504	1
1.36	0.998427	0.00144281	0.00013065	1
1.37	0.998421	0.00144671	0.000131799	1
1.38	0.998416	0.00145061	0.000132951	1
1.39	0.998411	0.00145452	0.000134106	1
1.4	0.998406	0.00145845	0.000135265	1
1.41	0.998401	0.00146238	0.000136426	1
1.42	0.998396	0.00146633	0.000137591	1
1.43	0.998391	0.00147029	0.000138758	1
1.44	0.998386	0.00147425	0.000139929	1
1.45	0.998381	0.00147823	0.000141103	1
1.46	0.998376	0.00148222	0.000142281	1
1.47	0.99837	0.00148622	0.000143461	1
1.48	0.998365	0.00149023	0.000144645	1
1.49	0.99836	0.00149425	0.000145831	1
1.5	0.998355	0.00149828	0.000147021	1
1.51	0.998349	0.00150232	0.000148214	1
1.52	0.998344	0.00150637	0.000149411	1
1.53	0.998339	0.00151044	0.00015061	1
1.54	0.998334	0.00151451	0.000151813	1
1.55	0.998328	0.0015186	0.000153019	1
1.56	0.998323	0.0015227	0.000154229	1
1.57	0.998318	0.0015268	0.000155441	1
1.58	0.998312	0.00153092	0.000156657	1
1.59	0.998307	0.00153505	0.000157877	1
1.6	0.998302	0.00153919	0.000159099	1
1.61	0.998296	0.00154335	0.000160325	1
1.62	0.998291	0.00154751	0.000161554	1
1.63	0.998286	0.00155168	0.000162786	1
1.64	0.99828	0.00155587	0.000164022	1
1.65	0.998275	0.00156007	0.000165261	1
1.66	0.998269	0.00156428	0.000166503	1
1.67	0.998264	0.00156849	0.000167749	1
1.68	0.998258	0.00157273	0.000168998	1
1.69	0.998253	0.00157697	0.000170251	1
1.7	0.998247	0.00158122	0.000171507	1
1.71	0.998242	0.00158549	0.000172766	1
1.72	0.998236	0.00158976	0.000174028	1
1.73	0.998231	0.00159405	0.000175294	1
1.74	0.998225	0.00159835	0.000176564	1
1.75	0.998219	0.00160266	0.000177837	1
1.76	0.998214	0.00160699	0.000179113	1
1.77	0.998208	0.00161132	0.000180393	1
1.78	0.998203	0.00161567	0.000181676	1
1.79	0.998197	0.00162003	0.000182963	1
1.8	0.998191	0.0016244	0.000184253	1
1.81	0.998186	0.00162878	0.000185546	1
1.82	0.99818	0.00163317	0.000186844	1
1.83	0.998174	0.00163758	0.000188144	1
1.84	0.998169	0.00164199	0.000189448	1
1.85	0.998163	0.00164642	0.000190756	1
1.86	0.998157	0.00165086	0.000192067	1
1.87	0.998151	0.00165531	0.000193382	1
1.88	0.998146	0.00165978	0.0001947	1
1.89	0.99814	0.00166426	0.000196022	1
1.9	0.998134	0.00166874	0.000197347	1
1.91	0.998128	0.00167325	0.000198676	1
1.92	0.998122	0.00167776	0.000200009	1
1.93	0.998116	0.00168228	0.000201345	1
1.94	0.99811	0.00168682	0.000202684	1
1.95	0.998105	0.00169137	0.000204028	1
1.96	0.998099	0.00169593	0.000205375	1
1.97	0.998093	0.0017005	0.000206725	1
1.98	0.998087	0.00170509	0.00020808	1
1.99	0.998081	0.00170969	0.000209437	1
2	0.998075	0.0017143	0.000210799	1
2.01	0.998069	0.00171892	0.000212164	1
2.02	0.998063	0.00172356	0.000213533	1
2.03	0.998057	0.00172821	0.000214906	1
2.04	0.998051	0.00173287	0.000216282	1
2.05	0.998045	0.00173754	0.000217662	1
2.06	0.998039	0.00174223	0.000219046	1
2.07	0.998033	0.00174693	0.000220433	1
2.08	0.998027	0.00175164	0.000221824	1
2.09	0.99802	0.00175636	0.000223219	1
2.1	0.998014	0.0017611	0.000224618	1
2.11	0.998008	0.00176585	0.000226021	1
2.12	0.998002	0.00177061	0.000227427	1
2.13	0.997996	0.00177538	0.000228837	1
2.14	0.99799	0.00178017	0.000230251	1
2.15	0.997983	0.00178497	0.000231668	1
2.16	0.997977	0.00178978	0.00023309	1
2.17	0.997971	0.00179461	0.000234515	1
2.18	0.997965	0.00179945	0.000235944	1
2.19	0.997958	0.0018043	0.000237377	1
2.2	0.997952	0.00180917	0.000238814	1
2.21	0.997946	0.00181404	0.000240255	1
2.22	0.997939	0.00181894	0.0002417	1
2.23	0.997933	0.00182384	0.000243148	1
2.24	0.997927	0.00182876	0.000244601	1
2.25	0.99792	0.00183369	0.000246057	1
2.26	0.997914	0.00183863	0.000247517	1
2.27	0.997907	0.00184359	0.000248982	1
2.28	0.997901	0.00184856	0.00025045	1
2.29	0.997895	0.00185355	0.000251922	1
2.3	0.997888	0.00185854	0.000253398	1
2.31	0.997882	0.00186355	0.000254878	1
2.32	0.997875	0.00186858	0.000256362	1
2.33	0.997869	0.00187362	0.00025785	1
2.34	0.997862	0.00187867	0.000259342	1
2.35	0.997855	0.00188373	0.000260839	1
2.36	0.997849	0.00188881	0.000262339	1
2.37	0.997842	0.00189391	0.000263843	1
2.38	0.997836	0.00189901	0.000265351	1
2.39	0.997829	0.00190413	0.000266863	1
2.4	0.997822	0.00190926	0.00026838	1
2.41	0.997816	0.00191441	0.0002699	1
2.42	0.997809	0.00191957	0.000271425	1
2.43	0.997802	0.00192475	0.000272954	1
2.44	0.997796	0.00192994	0.000274486	1
2.45	0.997789	0.00193514	0.000276023	1
2.46	0.997782	0.00194036	0.000277565	1
2.47	0.997775	0.00194559	0.00027911	1
2.48	0.997769	0.00195083	0.000280659	1
2.49	0.997762	0.00195609	0.000282213	1
2.5	0.997755	0.00196137	0.000283771	1
2.51	0.997748	0.00196665	0.000285333	1
2.52	0.997741	0.00197195	0.000286899	1
2.53	0.997734	0.00197727	0.000288469	1
2.54	0.997727	0.0019826	0.000290044	1
2.55	0.99772	0.00198794	0.000291623	1
2.56	0.997713	0.0019933	0.000293206	1
2.57	0.997707	0.00199868	0.000294793	1
2.58	0.9977	0.00200406	0.000296385	1
2.59	0.997693	0.00200947	0.000297981	1
2.6	0.997686	0.00201488	0.000299581	1
2.61	0.997679	0.00202031	0.000301186	1
2.62	0.997671	0.00202576	0.000302795	1
2.63	0.997664	0.00203122	0.000304408	1
2.64	0.997657	0.0020367	0.000306026	1
2.65	0.99765	0.00204218	0.000307648	1
2.66	0.997643	0.00204769	0.000309274	1
2.67	0.997636	0.00205321	0.000310905	1
2.68	0.997629	0.00205874	0.00031254	1
2.69	0.997622	0.00206429	0.000314179	1
2.7	0.997614	0.00206986	0.000315823	1
2.71	0.997607	0.00207543	0.000317472	1
2.72	0.9976	0.00208103	0.000319124	1
2.73	0.997593	0.00208664	0.000320782	1
2.74	0.997585	0.00209226	0.000322443	1
2.75	0.997578	0.0020979	0.00032411	1
2.76	0.997571	0.00210355	0.00032578	1
2.77	0.997563	0.00210922	0.000327456	1
2.78	0.997556	0.00211491	0.000329135	1
2.79	0.997549	0.00212061	0.00033082	1
2.8	0.997541	0.00212632	0.000332508	1
2.81	0.997534	0.00213205	0.000334202	1
2.82	0.997526	0.0021378	0.0003359	1
2.83	0.997519	0.00214356	0.000337602	1
2.84	0.997511	0.00214934	0.000339309	1
2.85	0.997504	0.00215513	0.000341021	1
2.86	0.997496	0.00216094	0.000342737	1
2.87	0.997489	0.00216676	0.000344458	1
2.88	0.997481	0.0021726	0.000346184	1
2.89	0.997474	0.00217845	0.000347914	1
2.9	0.997466	0.00218432	0.000349649	1
2.91	0.997458	0.00219021	0.000351388	1
2.92	0.997451	0.00219611	0.000353132	1
2.93	0.997443	0.00220203	0.000354881	1
2.94	0.997435	0.00220796	0.000356635	1
2.95	0.997428	0.00221391	0.000358393	1
2.96	0.99742	0.00221988	0.000360157	1
2.97	0.997412	0.00222586	0.000361924	1
2.98	0.997404	0.00223186	0.000363697	1
2.99	0.997397	0.00223787	0.000365474	1
3	0.997389	0.0022439	0.000367257	1
3.01	0.997381	0.00224995	0.000369044	1
3.02	0.997373	0.00225601	0.000370835	1
3.03	0.997365	0.00226209	0.000372632	1
3.04	0.997357	0.00226818	0.000374434	1
3.05	0.997349	0.0022743	0.00037624	1
3.06	0.997342	0.00228042	0.000378051	1
3.07	0.997334	0.00228657	0.000379867	1
3.08	0.997326	0.00229273	0.000381688	1
3.09	0.997318	0.00229891	0.000383514	1
3.1	0.99731	0.0023051	0.000385345	1
3.11	0.997302	0.00231131	0.000387181	1
3.12	0.997293	0.00231754	0.000389021	1
3.13	0.997285	0.00232378	0.000390867	1
3.14	0.997277	0.00233004	0.000392717	1
3.15	0.997269	0.00233632	0.000394573	1
3.16	0.997261	0.00234261	0.000396434	1
3.17	0.997253	0.00234892	0.000398299	1
3.18	0.997245	0.00235525	0.00040017	1
3.19	0.997236	0.0023616	0.000402046	1
3.2	0.997228	0.00236796	0.000403926	1
3.21	0.99722	0.00237434	0.000405812	1
3.22	0.997212	0.00238073	0.000407703	1
3.23	0.997203	0.00238715	0.000409599	1
3.24	0.997195	0.00239358	0.0004115	1
3.25	0.997187	0.00240003	0.000413406	1
3.26	0.997178	0.00240649	0.000415317	1
3.27	0.99717	0.00241297	0.000417234	1
3.28	0.997161	0.00241947	0.000419156	1
3.29	0.997153	0.00242599	0.000421082	1
3.3	0.997144	0.00243252	0.000423014	1
3.31	0.997136	0.00243908	0.000424952	1
3.32	0.997127	0.00244565	0.000426894	1
3.33	0.997119	0.00245223	0.000428842	1
3.34	0.99711	0.00245884	0.000430795	1
3.35	0.997102	0.00246546	0.000432753	1
3.36	0.997093	0.0024721	0.000434716	1
3.37	0.997085	0.00247876	0.000436685	1
3.38	0.997076	0.00248544	0.000438659	1
3.39	0.997067	0.00249213	0.000440638	1
3.4	0.997059	0.00249884	0.000442623	1
3.41	0.99705	0.00250557	0.000444613	1
3.42	0.997041	0.00251232	0.000446608	1
3.43	0.997032	0.00251909	0.000448609	1
3.44	0.997024	0.00252587	0.000450615	1
3.45	0.997015	0.00253268	0.000452627	1
3.46	0.997006	0.0025395	0.000454644	1
3.47	0.996997	0.00254634	0.000456666	1
3.48	0.996988	0.00255319	0.000458694	1
3.49	0.996979	0.00256007	0.000460727	1
3.5	0.99697	0.00256696	0.000462766	1
3.51	0.996961	0.00257388	0.000464811	1
3.52	0.996952	0.00258081	0.00046686	1
3.53	0.996943	0.00258776	0.000468916	1
3.54	0.996934	0.00259473	0.000470976	1
3.55	0.996925	0.00260171	0.000473043	1
3.56	0.996916	0.00260872	0.000475115	1
3.57	0.996907	0.00261574	0.000477192	1
3.58	0.996898	0.00262279	0.000479275	1
3.59	0.996889	0.00262985	0.000481364	1
3.6	0.99688	0.00263693	0.000483459	1
3.61	0.99687	0.00264403	0.000485559	1
3.62	0.996861	0.00265115	0.000487664	1
3.63	0.996852	0.00265829	0.000489776	1
3.64	0.996843	0.00266545	0.000491893	1
3.65	0.996833	0.00267263	0.000494015	1
3.66	0.996824	0.00267982	0.000496144	1
3.67	0.996815	0.00268704	0.000498278	1
3.68	0.996805	0.00269427	0.000500418	1
3.69	0.996796	0.00270153	0.000502563	1
3.7	0.996786	0.0027088	0.000504715	1
3.71	0.996777	0.00271609	0.000506872	1
3.72	0.996768	0.0027234	0.000509035	1
3.73	0.996758	0.00273074	0.000511204	1
3.74	0.996749	0.00273809	0.000513379	1
3.75	0.996739	0.00274546	0.000515559	1
3.76	0.996729	0.00275285	0.000517746	1
3.77	0.99672	0.00276026	0.000519938	1
3.78	0.99671	0.00276769	0.000522136	1
3.79	0.996701	0.00277514	0.00052434	1
3.8	0.996691	0.00278262	0.000526551	1
3.81	0.996681	0.00279011	0.000528767	1
3.82	0.996671	0.00279762	0.000530989	1
3.83	0.996662	0.00280515	0.000533217	1
3.84	0.996652	0.0028127	0.00053545	1
3.85	0.996642	0.00282027	0.00053769	1
3.86	0.996632	0.00282786	0.000539936	1
3.87	0.996622	0.00283547	0.000542189	1
3.88	0.996612	0.00284311	0.000544447	1
3.89	0.996603	0.00285076	0.000546711	1
3.9	0.996593	0.00285843	0.000548981	1
3.91	0.996583	0.00286613	0.000551258	1
3.92	0.996573	0.00287384	0.00055354	1
3.93	0.996563	0.00288158	0.000555829	1
3.94	0.996553	0.00288933	0.000558124	1
3.95	0.996542	0.00289711	0.000560425	1
3.96	0.996532	0.00290491	0.000562732	1
3.97	0.996522	0.00291273	0.000565045	1
3.98	0.996512	0.00292057	0.000567365	1
3.99	0.996502	0.00292843	0.000569691	1
4	0.996492	0.00293631	0.000572023	1
4.01	0.996481	0.00294421	0.000574361	1
4.02	0.996471	0.00295213	0.000576706	1
4.03	0.996461	0.00296008	0.000579057	1
4.04	0.996451	0.00296804	0.000581415	1
4.05	0.99644	0.00297603	0.000583778	1
4.06	0.99643	0.00298404	0.000586148	1
4.07	0.996419	0.00299207	0.000588525	1
4.08	0.996409	0.00300012	0.000590908	1
4.09	0.996399	0.0030082	0.000593297	1
4.1	0.996388	0.00301629	0.000595693	1
4.11	0.996377	0.00302441	0.000598095	1
4.12	0.996367	0.00303255	0.000600503	1
4.13	0.996356	0.00304071	0.000602918	1
4.14	0.996346	0.00304889	0.00060534	1
4.15	0.996335	0.00305709	0.000607768	1
4.16	0.996324	0.00306532	0.000610203	1
4.17	0.996314	0.00307357	0.000612644	1
4.18	0.996303	0.00308184	0.000615092	1
4.19	0.996292	0.00309013	0.000617546	1
4.2	0.996282	0.00309844	0.000620007	1
4.21	0.996271	0.00310678	0.000622474	1
4.22	0.99626	0.00311514	0.000624949	1
4.23	0.996249	0.00312352	0.000627429	1
4.24	0.996238	0.00313192	0.000629917	1
4.25	0.996227	0.00314035	0.000632411	1
4.26	0.996216	0.0031488	0.000634912	1
4.27	0.996205	0.00315727	0.00063742	1
4.28	0.996194	0.00316576	0.000639934	1
4.29	0.996183	0.00317428	0.000642455	1
4.3	0.996172	0.00318282	0.000644983	1
4.31	0.996161	0.00319138	0.000647518	1
4.32	0.99615	0.00319997	0.00065006	1
4.33	0.996139	0.00320858	0.000652608	1
4.34	0.996128	0.00321721	0.000655163	1
4.35	0.996116	0.00322586	0.000657726	1
4.36	0.996105	0.00323454	0.000660295	1
4.37	0.996094	0.00324324	0.000662871	1
4.38	0.996083	0.00325196	0.000665453	1
4.39	0.996071	0.00326071	0.000668043	1
4.4	0.99606	0.00326948	0.00067064	1
4.41	0.996048	0.00327828	0.000673244	1
4.42	0.996037	0.0032871	0.000675855	1
4.43	0.996026	0.00329594	0.000678472	1
4.44	0.996014	0.0033048	0.000681097	1
4.45	0.996003	0.00331369	0.000683729	1
4.46	0.995991	0.0033226	0.000686368	1
4.47	0.995979	0.00333154	0.000689014	1
4.48	0.995968	0.0033405	0.000691667	1
4.49	0.995956	0.00334948	0.000694328	1
4.5	0.995945	0.00335849	0.000696995	1
4.51	0.995933	0.00336752	0.00069967	1
4.52	0.995921	0.00337658	0.000702352	1
4.53	0.995909	0.00338566	0.000705041	1
4.54	0.995897	0.00339477	0.000707737	1
4.55	0.995886	0.0034039	0.000710441	1
4.56	0.995874	0.00341305	0.000713152	1
4.57	0.995862	0.00342223	0.00071587	1
4.58	0.99585	0.00343143	0.000718595	1
4.59	0.995838	0.00344066	0.000721328	1
4.6	0.995826	0.00344991	0.000724068	1
4.61	0.995814	0.00345919	0.000726816	1
4.62	0.995802	0.00346849	0.00072957	1
4.63	0.99579	0.00347781	0.000732333	1
4.64	0.995778	0.00348717	0.000735102	1
4.65	0.995766	0.00349654	0.000737879	1
4.66	0.995753	0.00350594	0.000740664	1
4.67	0.995741	0.00351537	0.000743456	1
4.68	0.995729	0.00352482	0.000746256	1
4.69	0.995717	0.0035343	0.000749063	1
4.7	0.995704	0.0035438	0.000751878	1
4.71	0.995692	0.00355333	0.0007547	1
4.72	0.99568	0.00356288	0.00075753	1
4.73	0.995667	0.00357246	0.000760367	1
4.74	0.995655	0.00358206	0.000763212	1
4.75	0.995642	0.00359169	0.000766065	1
4.76	0.99563	0.00360135	0.000768925	1
4.77	0.995617	0.00361103	0.000771794	1
4.78	0.995605	0.00362074	0.000774669	1
4.79	0.995592	0.00363047	0.000777553	1
4.8	0.995579	0.00364023	0.000780444	1
4.81	0.995567	0.00365002	0.000783343	1
4.82	0.995554	0.00365983	0.00078625	1
4.83	0.995541	0.00366967	0.000789165	1
4.84	0.995528	0.00367953	0.000792087	1
4.85	0.995516	0.00368942	0.000795018	1
4.86	0.995503	0.00369934	0.000797956	1
4.87	0.99549	0.00370928	0.000800902	1
4.88	0.995477	0.00371925	0.000803856	1
4.89	0.995464	0.00372925	0.000806818	1
4.9	0.995451	0.00373927	0.000809788	1
4.91	0.995438	0.00374932	0.000812766	1
4.92	0.995425	0.0037594	0.000815752	1
4.93	0.995412	0.0037695	0.000818746	1
4.94	0.995399	0.00377963	0.000821748	1
4.95	0.995385	0.00378979	0.000824758	1
4.96	0.995372	0.00379997	0.000827776	1
4.97	0.995359	0.00381018	0.000830802	1
4.98	0.995346	0.00382042	0.000833837	1
4.99	0.995332	0.00383069	0.000836879	1
5	0.995319	0.00384098	0.00083993	1
5.01	0.995306	0.00385131	0.000842989	1
5.02	0.995292	0.00386166	0.000846056	1
5.03	0.995279	0.00387203	0.000849132	1
5.04	0.995265	0.00388244	0.000852215	1
5.05	0.995252	0.00389287	0.000855307	1
5.06	0.995238	0.00390333	0.000858407	1
5.07	0.995225	0.00391382	0.000861516	1
5.08	0.995211	0.00392433	0.000864633	1
5.09	0.995197	0.00393488	0.000867758	1
5.1	0.995184	0.00394545	0.000870892	1
5.11	0.99517	0.00395605	0.000874034	1
5.12	0.995156	0.00396668	0.000877185	1
5.13	0.995142	0.00397733	0.000880344	1
5.14	0.995128	0.00398802	0.000883511	1
5.15	0.995115	0.00399873	0.000886687	1
5.16	0.995101	0.00400948	0.000889872	1
5.17	0.995087	0.00402025	0.000893065	1
5.18	0.995073	0.00403105	0.000896267	1
5.19	0.995059	0.00404188	0.000899477	1
5.2	0.995045	0.00405273	0.000902696	1
5.21	0.99503	0.00406362	0.000905924	1
5.22	0.995016	0.00407454	0.00090916	1
5.23	0.995002	0.00408548	0.000912405	1
5.24	0.994988	0.00409645	0.000915659	1
5.25	0.994974	0.00410746	0.000918921	1
5.26	0.994959	0.00411849	0.000922192	1
5.27	0.994945	0.00412955	0.000925472	1
5.28	0.994931	0.00414064	0.000928761	1
5.29	0.994916	0.00415176	0.000932059	1
5.3	0.994902	0.00416292	0.000935365	1
5.31	0.994887	0.0041741	0.00093868	1
5.32	0.994873	0.00418531	0.000942005	1
5.33	0.994858	0.00419655	0.000945338	1
5.34	0.994844	0.00420782	0.00094868	1
5.35	0.994829	0.00421912	0.000952031	1
5.36	0.994814	0.00423045	0.000955391	1
5.37	0.994799	0.00424181	0.00095876	1
5.38	0.994785	0.0042532	0.000962138	1
5.39	0.99477	0.00426462	0.000965526	1
5.4	0.994755	0.00427607	0.000968922	1
5.41	0.99474	0.00428755	0.000972327	1
5.42	0.994725	0.00429907	0.000975742	1
5.43	0.99471	0.00431061	0.000979166	1
5.44	0.994695	0.00432218	0.000982599	1
5.45	0.99468	0.00433379	0.000986041	1
5.46	0.994665	0.00434542	0.000989492	1
5.47	0.99465	0.00435709	0.000992953	1
5.48	0.994635	0.00436879	0.000996423	1
5.49	0.99462	0.00438052	0.000999902	1
5.5	0.994604	0.00439228	0.00100339	1
5.51	0.994589	0.00440407	0.00100689	1
5.52	0.994574	0.0044159	0.0010104	1
5.53	0.994558	0.00442775	0.00101391	1
5.54	0.994543	0.00443964	0.00101744	1
5.55	0.994527	0.00445155	0.00102098	1
5.56	0.994512	0.0044635	0.00102452	1
5.57	0.994496	0.00447549	0.00102808	1
5.58	0.994481	0.0044875	0.00103164	1
5.59	0.994465	0.00449955	0.00103521	1
5.6	0.99445	0.00451162	0.0010388	1
5.61	0.994434	0.00452373	0.00104239	1
5.62	0.994418	0.00453587	0.00104599	1
5.63	0.994402	0.00454805	0.00104961	1
5.64	0.994387	0.00456026	0.00105323	1
5.65	0.994371	0.0045725	0.00105686	1
5.66	0.994355	0.00458477	0.0010605	1
5.67	0.994339	0.00459707	0.00106415	1
5.68	0.994323	0.00460941	0.00106781	1
5.69	0.994307	0.00462178	0.00107148	1
5.7	0.994291	0.00463418	0.00107516	1
5.71	0.994275	0.00464662	0.00107886	1
5.72	0.994258	0.00465909	0.00108256	1
5.73	0.994242	0.00467159	0.00108627	1
5.74	0.994226	0.00468413	0.00108999	1
5.75	0.99421	0.0046967	0.00109372	1
5.76	0.994193	0.0047093	0.00109746	1
5.77	0.994177	0.00472193	0.00110121	1
5.78	0.99416	0.0047346	0.00110497	1
5.79	0.994144	0.00474731	0.00110874	1
5.8	0.994127	0.00476005	0.00111252	1
5.81	0.994111	0.00477282	0.00111631	1
5.82	0.994094	0.00478562	0.00112011	1
5.83	0.994078	0.00479846	0.00112392	1
5.84	0.994061	0.00481133	0.00112775	1
5.85	0.994044	0.00482424	0.00113158	1
5.86	0.994027	0.00483718	0.00113542	1
5.87	0.994011	0.00485016	0.00113927	1
5.88	0.993994	0.00486317	0.00114313	1
5.89	0.993977	0.00487622	0.00114701	1
5.9	0.99396	0.0048893	0.00115089	1
5.91	0.993943	0.00490241	0.00115478	1
5.92	0.993926	0.00491556	0.00115869	1
5.93	0.993909	0.00492875	0.0011626	1
5.94	0.993892	0.00494197	0.00116653	1
5.95	0.993874	0.00495522	0.00117047	1
5.96	0.993857	0.00496851	0.00117441	1
5.97	0.99384	0.00498184	0.00117837	1
5.98	0.993822	0.0049952	0.00118234	1
5.99	0.993805	0.0050086	0.00118631	1
6	0.993788	0.00502203	0.0011903	1
6.01	0.99377	0.0050355	0.0011943	1
6.02	0.993753	0.005049	0.00119831	1
6.03	0.993735	0.00506254	0.00120233	1
6.04	0.993718	0.00507612	0.00120637	1
6.05	0.9937	0.00508973	0.00121041	1
6.06	0.993682	0.00510338	0.00121446	1
6.07	0.993664	0.00511706	0.00121853	1
6.08	0.993647	0.00513078	0.0012226	1
6.09	0.993629	0.00514454	0.00122669	1
6.1	0.993611	0.00515833	0.00123079	1
6.11	0.993593	0.00517217	0.00123489	1
6.12	0.993575	0.00518603	0.00123901	1
6.13	0.993557	0.00519994	0.00124314	1
6.14	0.993539	0.00521388	0.00124728	1
6.15	0.993521	0.00522786	0.00125144	1
6.16	0.993503	0.00524187	0.0012556	1
6.17	0.993484	0.00525592	0.00125977	1
6.18	0.993466	0.00527001	0.00126396	1
6.19	0.993448	0.00528414	0.00126816	1
6.2	0.993429	0.00529831	0.00127237	1
6.21	0.993411	0.00531251	0.00127659	1
6.22	0.993392	0.00532675	0.00128082	1
6.23	0.993374	0.00534103	0.00128506	1
6.24	0.993355	0.00535534	0.00128931	1
6.25	0.993337	0.0053697	0.00129358	1
6.26	0.993318	0.00538409	0.00129785	1
6.27	0.993299	0.00539852	0.00130214	1
6.28	0.993281	0.00541299	0.00130644	1
6.29	0.993262	0.00542749	0.00131075	1
6.3	0.993243	0.00544204	0.00131508	1
6.31	0.993224	0.00545662	0.00131941	1
6.32	0.993205	0.00547125	0.00132376	1
6.33	0.993186	0.00548591	0.00132811	1
6.34	0.993167	0.00550061	0.00133248	1
6.35	0.993148	0.00551535	0.00133686	1
6.36	0.993129	0.00553013	0.00134125	1
6.37	0.993109	0.00554494	0.00134566	1
6.38	0.99309	0.0055598	0.00135008	1
6.39	0.993071	0.0055747	0.0013545	1
6.4	0.993051	0.00558963	0.00135894	1
6.41	0.993032	0.00560461	0.00136339	1
6.42	0.993013	0.00561963	0.00136786	1
6.43	0.992993	0.00563468	0.00137233	1
6.44	0.992973	0.00564978	0.00137682	1
6.45	0.992954	0.00566491	0.00138132	1
6.46	0.992934	0.00568009	0.00138583	1
6.47	0.992914	0.0056953	0.00139036	1
6.48	0.992895	0.00571056	0.00139489	1
6.49	0.992875	0.00572586	0.00139944	1
6.5	0.992855	0.00574119	0.001404	1
6.51	0.992835	0.00575657	0.00140857	1
6.52	0.992815	0.00577199	0.00141316	1
6.53	0.992795	0.00578745	0.00141775	1
6.54	0.992775	0.00580295	0.00142236	1
6.55	0.992755	0.00581849	0.00142699	1
6.56	0.992734	0.00583408	0.00143162	1
6.57	0.992714	0.0058497	0.00143627	1
6.58	0.992694	0.00586537	0.00144092	1
6.59	0.992673	0.00588107	0.0014456	1
6.6	0.992653	0.00589682	0.00145028	1
6.61	0.992632	0.00591261	0.00145498	1
6.62	0.992612	0.00592845	0.00145968	1
6.63	0.992591	0.00594432	0.00146441	1
6.64	0.992571	0.00596024	0.00146914	1
6.65	0.99255	0.0059762	0.00147389	1
6.66	0.992529	0.0059922	0.00147865	1
6.67	0.992508	0.00600824	0.00148342	1
6.68	0.992487	0.00602433	0.0014882	1
6.69	0.992467	0.00604046	0.001493	1
6.7	0.992446	0.00605663	0.00149781	1
6.71	0.992425	0.00607284	0.00150264	1
6.72	0.992403	0.0060891	0.00150747	1
6.73	0.992382	0.0061054	0.00151232	1
6.74	0.992361	0.00612174	0.00151719	1
6.75	0.99234	0.00613813	0.00152206	1
6.76	0.992318	0.00615456	0.00152695	1
6.77	0.992297	0.00617103	0.00153185	1
6.78	0.992276	0.00618755	0.00153677	1
6.79	0.992254	0.00620411	0.00154169	1
6.8	0.992233	0.00622072	0.00154663	1
6.81	0.992211	0.00623736	0.00155159	1
6.82	0.992189	0.00625406	0.00155656	1
6.83	0.992168	0.00627079	0.00156154	1
6.84	0.992146	0.00628758	0.00156653	1
6.85	0.992124	0.0063044	0.00157154	1
6.86	0.992102	0.00632127	0.00157656	1
6.87	0.99208	0.00633819	0.00158159	1
6.88	0.992058	0.00635515	0.00158664	1
6.89	0.992036	0.00637215	0.0015917	1
6.9	0.992014	0.0063892	0.00159678	1
6.91	0.991992	0.0064063	0.00160187	1
6.92	0.99197	0.00642344	0.00160697	1
6.93	0.991947	0.00644062	0.00161209	1
6.94	0.991925	0.00645785	0.00161721	1
6.95	0.991903	0.00647513	0.00162236	1
6.96	0.99188	0.00649245	0.00162752	1
6.97	0.991857	0.00650982	0.00163269	1
6.98	0.991835	0.00652723	0.00163787	1
6.99	0.991812	0.00654469	0.00164307	1
7	0.99179	0.0065622	0.00164828	1
7.01	0.991767	0.00657975	0.00165351	1
7.02	0.991744	0.00659735	0.00165875	1
7.03	0.991721	0.006615	0.001664	1
7.04	0.991698	0.00663269	0.00166927	1
7.05	0.991675	0.00665043	0.00167455	1
7.06	0.991652	0.00666821	0.00167985	1
7.07	0.991629	0.00668605	0.00168516	1
7.08	0.991606	0.00670393	0.00169049	1
7.09	0.991582	0.00672185	0.00169582	1
7.1	0.991559	0.00673983	0.00170118	1
7.11	0.991536	0.00675785	0.00170655	1
7.12	0.991512	0.00677592	0.00171193	1
7.13	0.991489	0.00679404	0.00171732	1
7.14	0.991465	0.0068122	0.00172274	1
7.15	0.991441	0.00683042	0.00172816	1
7.16	0.991418	0.00684868	0.0017336	1
7.17	0.991394	0.00686699	0.00173906	1
7.18	0.99137	0.00688535	0.00174452	1
7.19	0.991346	0.00690375	0.00175001	1
7.2	0.991322	0.00692221	0.00175551	1
7.21	0.991298	0.00694071	0.00176102	1
7.22	0.991274	0.00695927	0.00176655	1
7.23	0.99125	0.00697787	0.00177209	1
7.24	0.991226	0.00699652	0.00177765	1
7.25	0.991202	0.00701522	0.00178322	1
7.26	0.991177	0.00703397	0.00178881	1
7.27	0.991153	0.00705277	0.00179441	1
7.28	0.991128	0.00707162	0.00180003	1
7.29	0.991104	0.00709052	0.00180566	1
7.3	0.991079	0.00710946	0.00181131	1
7.31	0.991055	0.00712846	0.00181697	1
7.32	0.99103	0.00714751	0.00182265	1
7.33	0.991005	0.00716661	0.00182834	1
7.34	0.99098	0.00718576	0.00183405	1
7.35	0.990955	0.00720496	0.00183977	1
7.36	0.99093	0.00722421	0.00184551	1
7.37	0.990905	0.00724351	0.00185126	1
7.38	0.99088	0.00726286	0.00185703	1
7.39	0.990855	0.00728227	0.00186281	1
7.4	0.99083	0.00730172	0.00186861	1
7.41	0.990804	0.00732123	0.00187443	1
7.42	0.990779	0.00734079	0.00188026	1
7.43	0.990753	0.0073604	0.00188611	1
7.44	0.990728	0.00738006	0.00189197	1
7.45	0.990702	0.00739977	0.00189785	1
7.46	0.990677	0.00741953	0.00190374	1
7.47	0.990651	0.00743935	0.00190965	1
7.48	0.990625	0.00745922	0.00191557	1
7.49	0.990599	0.00747914	0.00192151	1
7.5	0.990573	0.00749911	0.00192747	1
7.51	0.990547	0.00751914	0.00193344	1
7.52	0.990521	0.00753922	0.00193943	1
7.53	0.990495	0.00755935	0.00194544	1
7.54	0.990469	0.00757954	0.00195146	1
7.55	0.990443	0.00759978	0.00195749	1
7.56	0.990416	0.00762007	0.00196355	1
7.57	0.99039	0.00764041	0.00196962	1
7.58	0.990363	0.00766081	0.0019757	1
7.59	0.990337	0.00768126	0.0019818	1
7.6	0.99031	0.00770177	0.00198792	1
7.61	0.990284	0.00772233	0.00199405	1
7.62	0.990257	0.00774295	0.0020002	1
7.63	0.99023	0.00776362	0.00200637	1
7.64	0.990203	0.00778434	0.00201255	1
7.65	0.990176	0.00780512	0.00201875	1
7.66	0.990149	0.00782595	0.00202497	1
7.67	0.990122	0.00784684	0.0020312	1
7.68	0.990095	0.00786778	0.00203745	1
7.69	0.990068	0.00788878	0.00204372	1
7.7	0.99004	0.00790983	0.00205	1
7.71	0.990013	0.00793094	0.0020563	1
7.72	0.989985	0.0079521	0.00206262	1
7.73	0.989958	0.00797332	0.00206895	1
7.74	0.98993	0.0079946	0.0020753	1
7.75	0.989902	0.00801593	0.00208167	1
7.76	0.989875	0.00803732	0.00208805	1
7.77	0.989847	0.00805876	0.00209446	1
7.78	0.989819	0.00808026	0.00210087	1
7.79	0.989791	0.00810182	0.00210731	1
7.8	0.989763	0.00812343	0.00211376	1
7.81	0.989735	0.00814511	0.00212023	1
7.82	0.989706	0.00816683	0.00212672	1
7.83	0.989678	0.00818862	0.00213322	1
7.84	0.98965	0.00821046	0.00213975	1
7.85	0.989621	0.00823236	0.00214628	1
7.86	0.989593	0.00825432	0.00215284	1
7.87	0.989564	0.00827633	0.00215942	1
7.88	0.989536	0.0082984	0.00216601	1
7.89	0.989507	0.00832054	0.00217262	1
7.9	0.989478	0.00834272	0.00217924	1
7.91	0.989449	0.00836497	0.00218589	1
7.92	0.98942	0.00838728	0.00219255	1
7.93	0.989391	0.00840964	0.00219923	1
7.94	0.989362	0.00843207	0.00220593	1
7.95	0.989333	0.00845455	0.00221264	1
7.96	0.989304	0.00847709	0.00221938	1
7.97	0.989274	0.00849969	0.00222613	1
7.98	0.989245	0.00852235	0.0022329	1
7.99	0.989215	0.00854507	0.00223969	1
8	0.989186	0.00856785	0.00224649	1
8.01	0.989156	0.00859069	0.00225332	1
8.02	0.989126	0.00861358	0.00226016	1
8.03	0.989096	0.00863654	0.00226702	1
8.04	0.989067	0.00865956	0.0022739	1
8.05	0.989037	0.00868264	0.00228079	1
8.06	0.989007	0.00870578	0.00228771	1
8.07	0.988976	0.00872898	0.00229464	1
8.08	0.988946	0.00875225	0.0023016	1
8.09	0.988916	0.00877557	0.00230857	1
8.1	0.988885	0.00879895	0.00231556	1
8.11	0.988855	0.0088224	0.00232256	1
8.12	0.988825	0.00884591	0.00232959	1
8.13	0.988794	0.00886947	0.00233664	1
8.14	0.988763	0.00889311	0.0023437	1
8.15	0.988732	0.0089168	0.00235078	1
8.16	0.988702	0.00894055	0.00235788	1
8.17	0.988671	0.00896437	0.00236501	1
8.18	0.98864	0.00898825	0.00237214	1
8.19	0.988609	0.00901219	0.0023793	1
8.2	0.988577	0.0090362	0.00238648	1
8.21	0.988546	0.00906026	0.00239368	1
8.22	0.988515	0.0090844	0.00240089	1
8.23	0.988483	0.00910859	0.00240813	1
8.24	0.988452	0.00913285	0.00241538	1
8.25	0.98842	0.00915717	0.00242266	1
8.26	0.988388	0.00918155	0.00242995	1
8.27	0.988357	0.009206	0.00243726	1
8.28	0.988325	0.00923052	0.0024446	1
8.29	0.988293	0.00925509	0.00245195	1
8.3	0.988261	0.00927974	0.00245932	1
8.31	0.988229	0.00930444	0.00246671	1
8.32	0.988197	0.00932921	0.00247412	1
8.33	0.988164	0.00935405	0.00248155	1
8.34	0.988132	0.00937895	0.002489	1
8.35	0.9881	0.00940392	0.00249647	1
8.36	0.988067	0.00942895	0.00250396	1
8.37	0.988034	0.00945404	0.00251147	1
8.38	0.988002	0.00947921	0.002519	1
8.39	0.987969	0.00950444	0.00252655	1
8.4	0.987936	0.00952973	0.00253412	1
8.41	0.987903	0.00955509	0.00254171	1
8.42	0.98787	0.00958052	0.00254932	1
8.43	0.987837	0.00960601	0.00255695	1
8.44	0.987804	0.00963157	0.0025646	1
8.45	0.987771	0.0096572	0.00257227	1
8.46	0.987737	0.0096829	0.00257997	1
8.47	0.987704	0.00970866	0.00258768	1
8.48	0.98767	0.00973449	0.00259541	1
8.49	0.987636	0.00976038	0.00260316	1
8.5	0.987603	0.00978635	0.00261094	1
8.51	0.987569	0.00981238	0.00261873	1
8.52	0.987535	0.00983848	0.00262655	1
8.53	0.987501	0.00986465	0.00263438	1
8.54	0.987467	0.00989089	0.00264224	1
8.55	0.987433	0.00991719	0.00265012	1
8.56	0.987398	0.00994357	0.00265802	1
8.57	0.987364	0.00997001	0.00266594	1
8.58	0.98733	0.00999653	0.00267388	1
8.59	0.987295	0.0100231	0.00268184	1
8.6	0.98726	0.0100498	0.00268982	1
8.61	0.987226	0.0100765	0.00269783	1
8.62	0.987191	0.0101033	0.00270585	1
8.63	0.987156	0.0101301	0.0027139	1
8.64	0.987121	0.0101571	0.00272197	1
8.65	0.987086	0.0101841	0.00273006	1
8.66	0.987051	0.0102111	0.00273817	1
8.67	0.987015	0.0102383	0.0027463	1
8.68	0.98698	0.0102655	0.00275446	1
8.69	0.986945	0.0102928	0.00276263	1
8.7	0.986909	0.0103201	0.00277083	1
8.71	0.986873	0.0103476	0.00277905	1
8.72	0.986838	0.0103751	0.00278729	1
8.73	0.986802	0.0104026	0.00279556	1
8.74	0.986766	0.0104303	0.00280384	1
8.75	0.98673	0.010458	0.00281215	1
8.76	0.986694	0.0104858	0.00282048	1
8.77	0.986658	0.0105136	0.00282883	1
8.78	0.986621	0.0105416	0.0028372	1
8.79	0.986585	0.0105696	0.0028456	1
8.8	0.986548	0.0105976	0.00285402	1
8.81	0.986512	0.0106258	0.00286246	1
8.82	0.986475	0.010654	0.00287092	1
8.83	0.986438	0.0106823	0.00287941	1
8.84	0.986401	0.0107107	0.00288792	1
8.85	0.986364	0.0107391	0.00289645	1
8.86	0.986327	0.0107677	0.002905	1
8.87	0.98629	0.0107963	0.00291358	1
8.88	0.986253	0.0108249	0.00292218	1
8.89	0.986216	0.0108537	0.0029308	1
8.9	0.986178	0.0108825	0.00293944	1
8.91	0.986141	0.0109114	0.00294811	1
8.92	0.986103	0.0109404	0.0029568	1
8.93	0.986065	0.0109694	0.00296551	1
8.94	0.986027	0.0109985	0.00297425	1
8.95	0.985989	0.0110277	0.00298301	1
8.96	0.985951	0.011057	0.00299179	1
8.97	0.985913	0.0110863	0.0030006	1
8.98	0.985875	0.0111158	0.00300943	1
8.99	0.985836	0.0111453	0.00301829	1
9	0.985798	0.0111748	0.00302716	1
9.01	0.985759	0.0112045	0.00303606	1
9.02	0.985721	0.0112342	0.00304499	1
9.03	0.985682	0.011264	0.00305393	1
9.04	0.985643	0.0112939	0.00306291	1
9.05	0.985604	0.0113239	0.0030719	1
9.06	0.985565	0.0113539	0.00308092	1
9.07	0.985526	0.011384	0.00308996	1
9.08	0.985487	0.0114142	0.00309903	1
9.09	0.985447	0.0114445	0.00310812	1
9.1	0.985408	0.0114749	0.00311724	1
9.11	0.985368	0.0115053	0.00312638	1
9.12	0.985329	0.0115358	0.00313554	1
9.13	0.985289	0.0115664	0.00314473	1
9.14	0.985249	0.0115971	0.00315394	1
9.15	0.985209	0.0116279	0.00316318	1
9.16	0.985169	0.0116587	0.00317244	1
9.17	0.985129	0.0116896	0.00318173	1
9.18	0.985088	0.0117206	0.00319104	1
9.19	0.985048	0.0117517	0.00320037	1
9.2	0.985007	0.0117828	0.00320973	1
9.21	0.984967	0.0118141	0.00321912	1
9.22	0.984926	0.0118454	0.00322853	1
9.23	0.984885	0.0118768	0.00323796	1
9.24	0.984844	0.0119083	0.00324742	1
9.25	0.984803	0.0119398	0.00325691	1
9.26	0.984762	0.0119715	0.00326642	1
9.27	0.984721	0.0120032	0.00327595	1
9.28	0.984679	0.012035	0.00328551	1
9.29	0.984638	0.0120669	0.0032951	1
9.3	0.984596	0.0120989	0.00330471	1
9.31	0.984555	0.0121309	0.00331435	1
9.32	0.984513	0.0121631	0.00332401	1
9.33	0.984471	0.0121953	0.0033337	1
9.34	0.984429	0.0122276	0.00334341	1
9.35	0.984387	0.01226	0.00335315	1
9.36	0.984345	0.0122924	0.00336291	1
9.37	0.984302	0.012325	0.00337271	1
9.38	0.98426	0.0123576	0.00338252	1
9.39	0.984217	0.0123904	0.00339237	1
9.4	0.984175	0.0124232	0.00340223	1
9.41	0.984132	0.0124561	0.00341213	1
9.42	0.984089	0.0124891	0.00342205	1
9.43	0.984046	0.0125221	0.003432	1
9.44	0.984003	0.0125553	0.00344197	1
9.45	0.98396	0.0125885	0.00345197	1
9.46	0.983916	0.0126219	0.003462	1
9.47	0.983873	0.0126553	0.00347205	1
9.48	0.983829	0.0126888	0.00348213	1
9.49	0.983785	0.0127223	0.00349224	1
9.5	0.983742	0.012756	0.00350237	1
9.51	0.983698	0.0127898	0.00351253	1
9.52	0.983654	0.0128236	0.00352272	1
9.53	0.98361	0.0128576	0.00353293	1
9.54	0.983565	0.0128916	0.00354318	1
9.55	0.983521	0.0129257	0.00355344	1
9.56	0.983476	0.0129599	0.00356374	1
9.57	0.983432	0.0129942	0.00357406	1
9.58	0.983387	0.0130285	0.00358441	1
9.59	0.983342	0.013063	0.00359479	1
9.6	0.983297	0.0130976	0.00360519	1
9.61	0.983252	0.0131322	0.00361563	1
9.62	0.983207	0.0131669	0.00362609	1
9.63	0.983162	0.0132018	0.00363657	1
9.64	0.983116	0.0132367	0.00364709	1
9.65	0.983071	0.0132717	0.00365763	1
9.66	0.983025	0.0133068	0.0036682	1
9.67	0.982979	0.013342	0.0036788	1
9.68	0.982933	0.0133772	0.00368943	1
9.69	0.982887	0.0134126	0.00370008	1
9.7	0.982841	0.013448	0.00371077	1
9.71	0.982795	0.0134836	0.00372148	1
9.72	0.982749	0.0135192	0.00373222	1
9.73	0.982702	0.013555	0.00374299	1
9.74	0.982655	0.0135908	0.00375378	1
9.75	0.982609	0.0136267	0.00376461	1
9.76	0.982562	0.0136627	0.00377546	1
9.77	0.982515	0.0136988	0.00378635	1
9.78	0.982468	0.013735	0.00379726	1
9.79	0.982421	0.0137713	0.0038082	1
9.8	0.982373	0.0138077	0.00381917	1
9.81	0.982326	0.0138442	0.00383016	1
9.82	0.982278	0.0138807	0.00384119	1
9.83	0.98223	0.0139174	0.00385225	1
9.84	0.982183	0.0139541	0.00386333	1
9.85	0.982135	0.013991	0.00387445	1
9.86	0.982086	0.014028	0.00388559	1
9.87	0.982038	0.014065	0.00389676	1
9.88	0.98199	0.0141021	0.00390797	1
9.89	0.981941	0.0141394	0.0039192	1
9.9	0.981893	0.0141767	0.00393046	1
9.91	0.981844	0.0142141	0.00394175	1
9.92	0.981795	0.0142516	0.00395308	1
9.93	0.981746	0.0142893	0.00396443	1
9.94	0.981697	0.014327	0.00397581	1
9.95	0.981648	0.0143648	0.00398722	1
9.96	0.981599	0.0144027	0.00399866	1
9.97	0.981549	0.0144407	0.00401014	1
9.98	0.9815	0.0144788	0.00402164	1
9.99	0.98145	0.014517	0.00403317	1
10	0.9814	0.0145553	0.00404473	1
10.01	0.98135	0.0145937	0.00405633	1
10.02	0.9813	0.0146322	0.00406795	1
10.03	0.98125	0.0146708	0.00407961	1
10.04	0.981199	0.0147095	0.00409129	1
10.05	0.981149	0.0147483	0.00410301	1
10.06	0.981098	0.0147872	0.00411476	1
10.07	0.981047	0.0148262	0.00412654	1
10.08	0.980996	0.0148653	0.00413835	1
10.09	0.980945	0.0149045	0.00415019	1
10.1	0.980894	0.0149438	0.00416206	1
10.11	0.980843	0.0149832	0.00417396	1
10.12	0.980791	0.0150227	0.0041859	1
10.13	0.98074	0.0150623	0.00419786	1
10.14	0.980688	0.015102	0.00420986	1
10.15	0.980636	0.0151418	0.00422189	1
10.16	0.980584	0.0151817	0.00423395	1
10.17	0.980532	0.0152217	0.00424604	1
10.18	0.98048	0.0152619	0.00425817	1
10.19	0.980428	0.0153021	0.00427032	1
10.2	0.980375	0.0153424	0.00428251	1
10.21	0.980322	0.0153828	0.00429473	1
10.22	0.98027	0.0154233	0.00430699	1
10.23	0.980217	0.015464	0.00431927	1
10.24	0.980164	0.0155047	0.00433159	1
10.25	0.980111	0.0155455	0.00434394	1
10.26	0.980057	0.0155865	0.00435632	1
10.27	0.980004	0.0156275	0.00436874	1
10.28	0.97995	0.0156687	0.00438118	1
10.29	0.979896	0.0157099	0.00439367	1
10.3	0.979843	0.0157513	0.00440618	1
10.31	0.979788	0.0157928	0.00441873	1
10.32	0.979734	0.0158344	0.0044313	1
10.33	0.97968	0.015876	0.00444392	1
10.34	0.979626	0.0159178	0.00445656	1
10.35	0.979571	0.0159597	0.00446924	1
10.36	0.979516	0.0160017	0.00448196	1
10.37	0.979461	0.0160438	0.0044947	1
10.38	0.979406	0.0160861	0.00450748	1
10.39	0.979351	0.0161284	0.00452029	1
10.4	0.979296	0.0161708	0.00453314	1
10.41	0.979241	0.0162134	0.00454602	1
10.42	0.979185	0.016256	0.00455894	1
10.43	0.979129	0.0162988	0.00457189	1
10.44	0.979073	0.0163417	0.00458487	1
10.45	0.979017	0.0163846	0.00459789	1
10.46	0.978961	0.0164277	0.00461094	1
10.47	0.978905	0.0164709	0.00462402	1
10.48	0.978849	0.0165142	0.00463714	1
10.49	0.978792	0.0165577	0.0046503	1
10.5	0.978735	0.0166012	0.00466349	1
10.51	0.978678	0.0166448	0.00467671	1
10.52	0.978621	0.0166886	0.00468997	1
10.53	0.978564	0.0167325	0.00470326	1
